1000 Linear 50 100 0.01 0.01 50
1000 Linear 500 100 0.01 0.01 50
1000 Linear 50 100 0.05 0.01 50
1000 Linear 500 100 0.05 0.01 50
1000 Linear 50 100 0.1 0.01 50
1000 Linear 500 100 0.1 0.01 50
1000 Linear 50 100 0.2 0.01 50
1000 Linear 500 100 0.2 0.01 50
1000 Linear 50 100 0.01 0.05 50
1000 Linear 500 100 0.01 0.05 50
1000 Linear 50 100 0.05 0.05 50
1000 Linear 500 100 0.05 0.05 50
1000 Linear 50 100 0.1 0.05 50
1000 Linear 500 100 0.1 0.05 50
1000 Linear 50 100 0.2 0.05 50
1000 Linear 500 100 0.2 0.05 50
1000 Linear 50 100 0.01 0.1 50
1000 Linear 500 100 0.01 0.1 50
1000 Linear 50 100 0.05 0.1 50
1000 Linear 500 100 0.05 0.1 50
1000 Linear 50 100 0.1 0.1 50
1000 Linear 500 100 0.1 0.1 50
1000 Linear 50 100 0.2 0.1 50
1000 Linear 500 100 0.2 0.1 50
1000 Linear 50 100 0.01 0.2 50
1000 Linear 500 100 0.01 0.2 50
1000 Linear 50 100 0.05 0.2 50
1000 Linear 500 100 0.05 0.2 50
1000 Linear 50 100 0.1 0.2 50
1000 Linear 500 100 0.1 0.2 50
1000 Linear 50 100 0.2 0.2 50
1000 Linear 500 100 0.2 0.2 50
