1000 Linear 1000 500 0.01 0.01 100
1000 Linear 1000 500 0.05 0.01 100
1000 Linear 1000 500 0.1 0.01 100
1000 Linear 1000 500 0.3 0.01 100
1000 Linear 1000 500 0.01 0.05 100
1000 Linear 1000 500 0.05 0.05 100
1000 Linear 1000 500 0.1 0.05 100
1000 Linear 1000 500 0.2 0.05 100
1000 Linear 1000 500 0.3 0.05 100
1000 Linear 1000 500 0.01 0.1 100
1000 Linear 1000 500 0.05 0.1 100
1000 Linear 1000 500 0.1 0.1 100
1000 Linear 500 1000 0.1 0.1 100
1000 Linear 1000 500 0.2 0.1 100
1000 Linear 500 1000 0.2 0.1 100
1000 Linear 1000 500 0.3 0.1 100
1000 Linear 1000 500 0.01 0.2 100
1000 Linear 500 1000 0.01 0.2 100
1000 Linear 1000 500 0.05 0.2 100
1000 Linear 500 1000 0.05 0.2 100
1000 Linear 1000 500 0.1 0.2 100
1000 Linear 500 1000 0.1 0.2 100
1000 Linear 1000 500 0.2 0.2 100
1000 Linear 500 1000 0.2 0.2 100
1000 Linear 1000 500 0.3 0.2 100
1000 Linear 500 1000 0.3 0.2 100
