10000 Sigmoidal 1000 500 0.01 1 2 40
10000 Sigmoidal 1000 500 0.05 1 2 40
10000 Sigmoidal 1000 500 0.1 1 2 40
10000 Sigmoidal 1000 500 0.2 1 2 40
10000 Sigmoidal 1000 500 0.3 1 2 40
10000 Sigmoidal 1000 500 0.4 1 2 40
10000 Sigmoidal 1000 500 0.5 1 2 40
10000 Sigmoidal 500 1000 0.01 1 2 40
10000 Sigmoidal 500 1000 0.05 1 2 40
10000 Sigmoidal 500 1000 0.1 1 2 40
10000 Sigmoidal 500 1000 0.2 1 2 40
10000 Sigmoidal 500 1000 0.3 1 2 40
10000 Sigmoidal 500 1000 0.4 1 2 40
10000 Sigmoidal 500 1000 0.5 1 2 40
10000 Exponential 1000 500 0.01 1 2 40
10000 Exponential 1000 500 0.05 1 2 40
10000 Exponential 1000 500 0.1 1 2 40
10000 Exponential 1000 500 0.2 1 2 40
10000 Exponential 1000 500 0.3 1 2 40
10000 Exponential 1000 500 0.4 1 2 40
10000 Exponential 1000 500 0.5 1 2 40
10000 Exponential 500 1000 0.01 1 2 40
10000 Exponential 500 1000 0.05 1 2 40
10000 Exponential 500 1000 0.1 1 2 40
10000 Exponential 500 1000 0.2 1 2 40
10000 Exponential 500 1000 0.3 1 2 40
10000 Exponential 500 1000 0.4 1 2 40
10000 Exponential 500 1000 0.5 1 2 40
10000 Indicator 1000 500 0.01 1 2 40
10000 Indicator 1000 500 0.05 1 2 40
10000 Indicator 1000 500 0.1 1 2 40
10000 Indicator 1000 500 0.2 1 2 40
10000 Indicator 1000 500 0.3 1 2 40
10000 Indicator 1000 500 0.4 1 2 40
10000 Indicator 1000 500 0.5 1 2 40
10000 Indicator 500 1000 0.01 1 2 40
10000 Indicator 500 1000 0.05 1 2 40
10000 Indicator 500 1000 0.1 1 2 40
10000 Indicator 500 1000 0.2 1 2 40
10000 Indicator 500 1000 0.3 1 2 40
10000 Indicator 500 1000 0.4 1 2 40
10000 Indicator 500 1000 0.5 1 2 40
10000 Quadratic 1000 500 0.01 1 2 40
10000 Quadratic 1000 500 0.05 1 2 40
10000 Quadratic 1000 500 0.1 1 2 40
10000 Quadratic 1000 500 0.2 1 2 40
10000 Quadratic 1000 500 0.3 1 2 40
10000 Quadratic 1000 500 0.4 1 2 40
10000 Quadratic 1000 500 0.5 1 2 40
10000 Quadratic 500 1000 0.01 1 2 40
10000 Quadratic 500 1000 0.05 1 2 40
10000 Quadratic 500 1000 0.1 1 2 40
10000 Quadratic 500 1000 0.2 1 2 40
10000 Quadratic 500 1000 0.3 1 2 40
10000 Quadratic 500 1000 0.4 1 2 40
10000 Quadratic 500 1000 0.5 1 2 40
10000 Linear 1000 500 0.01 1 2 40
10000 Linear 1000 500 0.05 1 2 40
10000 Linear 1000 500 0.1 1 2 40
10000 Linear 1000 500 0.2 1 2 40
10000 Linear 1000 500 0.3 1 2 40
10000 Linear 1000 500 0.4 1 2 40
10000 Linear 1000 500 0.5 1 2 40
10000 Linear 500 1000 0.01 1 2 40
10000 Linear 500 1000 0.05 1 2 40
10000 Linear 500 1000 0.1 1 2 40
10000 Linear 500 1000 0.2 1 2 40
10000 Linear 500 1000 0.3 1 2 40
10000 Linear 500 1000 0.4 1 2 40
10000 Linear 500 1000 0.5 1 2 40
10000 Linear 1000 500 0.2 2 2 40
10000 Linear 500 1000 0.2 2 2 40
10000 Sigmoidal 1000 500 0.2 2 2 40
10000 Sigmoidal 500 1000 0.2 2 2 40
10000 Exponential 1000 500 0.2 2 2 40
10000 Exponential 500 1000 0.2 2 2 40
10000 Indicator 1000 500 0.2 2 2 40
10000 Indicator 500 1000 0.2 2 2 40
10000 Quadratic 1000 500 0.2 2 2 40
10000 Quadratic 500 1000 0.2 2 2 40
10000 Sigmoidal 1000 500 0.2 1 4 40
10000 Sigmoidal 500 1000 0.2 1 4 40
10000 Sigmoidal 1000 500 0.2 1 6 40
10000 Sigmoidal 500 1000 0.2 1 6 40
10000 Sigmoidal 1000 500 0.2 1 8 40
10000 Sigmoidal 500 1000 0.2 1 8 40
10000 Sigmoidal 1000 500 0.2 1 10 40
10000 Sigmoidal 500 1000 0.2 1 10 40

