1000 3 50 100 0.01 50
1000 4 50 100 0.01 50
1000 5 50 100 0.01 50
1000 3 500 100 0.01 50
1000 4 500 100 0.01 50
1000 5 500 100 0.01 50
1000 3 50 100 0.05 50
1000 4 50 100 0.05 50
1000 5 50 100 0.05 50
1000 3 500 100 0.05 50
1000 4 500 100 0.05 50
1000 5 500 100 0.05 50
1000 3 50 100 0.1 50
1000 4 50 100 0.1 50
1000 5 50 100 0.1 50
1000 3 500 100 0.1 50
1000 4 500 100 0.1 50
1000 5 500 100 0.1 50
1000 3 50 100 0.2 50
1000 4 50 100 0.2 50
1000 5 50 100 0.2 50
1000 3 500 100 0.2 50
1000 4 500 100 0.2 50
1000 5 500 100 0.2 50
