1000 Exponential 50 100 0.01 0.01 0.2 50
1000 Sigmoidal 50 100 0.01 0.01 0.2 50
1000 Indicator 50 100 0.01 0.01 0.2 50
1000 Quadratic 50 100 0.01 0.01 0.2 50
1000 Exponential 500 100 0.01 0.01 0.2 50
1000 Sigmoidal 500 100 0.01 0.01 0.2 50
1000 Indicator 500 100 0.01 0.01 0.2 50
1000 Quadratic 500 100 0.01 0.01 0.2 50
1000 Exponential 50 100 0.05 0.01 0.2 50
1000 Sigmoidal 50 100 0.05 0.01 0.2 50
1000 Indicator 50 100 0.05 0.01 0.2 50
1000 Quadratic 50 100 0.05 0.01 0.2 50
1000 Exponential 500 100 0.05 0.01 0.2 50
1000 Sigmoidal 500 100 0.05 0.01 0.2 50
1000 Indicator 500 100 0.05 0.01 0.2 50
1000 Quadratic 500 100 0.05 0.01 0.2 50
1000 Exponential 50 100 0.1 0.01 0.2 50
1000 Sigmoidal 50 100 0.1 0.01 0.2 50
1000 Indicator 50 100 0.1 0.01 0.2 50
1000 Quadratic 50 100 0.1 0.01 0.2 50
1000 Exponential 500 100 0.1 0.01 0.2 50
1000 Sigmoidal 500 100 0.1 0.01 0.2 50
1000 Indicator 500 100 0.1 0.01 0.2 50
1000 Quadratic 500 100 0.1 0.01 0.2 50
1000 Exponential 50 100 0.2 0.01 0.2 50
1000 Sigmoidal 50 100 0.2 0.01 0.2 50
1000 Indicator 50 100 0.2 0.01 0.2 50
1000 Quadratic 50 100 0.2 0.01 0.2 50
1000 Exponential 500 100 0.2 0.01 0.2 50
1000 Sigmoidal 500 100 0.2 0.01 0.2 50
1000 Indicator 500 100 0.2 0.01 0.2 50
1000 Quadratic 500 100 0.2 0.01 0.2 50
1000 Exponential 50 100 0.01 0.05 0.2 50
1000 Sigmoidal 50 100 0.01 0.05 0.2 50
1000 Indicator 50 100 0.01 0.05 0.2 50
1000 Quadratic 50 100 0.01 0.05 0.2 50
1000 Exponential 500 100 0.01 0.05 0.2 50
1000 Sigmoidal 500 100 0.01 0.05 0.2 50
1000 Indicator 500 100 0.01 0.05 0.2 50
1000 Quadratic 500 100 0.01 0.05 0.2 50
1000 Exponential 50 100 0.05 0.05 0.2 50
1000 Sigmoidal 50 100 0.05 0.05 0.2 50
1000 Indicator 50 100 0.05 0.05 0.2 50
1000 Quadratic 50 100 0.05 0.05 0.2 50
1000 Exponential 500 100 0.05 0.05 0.2 50
1000 Sigmoidal 500 100 0.05 0.05 0.2 50
1000 Indicator 500 100 0.05 0.05 0.2 50
1000 Quadratic 500 100 0.05 0.05 0.2 50
1000 Exponential 50 100 0.1 0.05 0.2 50
1000 Sigmoidal 50 100 0.1 0.05 0.2 50
1000 Indicator 50 100 0.1 0.05 0.2 50
1000 Quadratic 50 100 0.1 0.05 0.2 50
1000 Exponential 500 100 0.1 0.05 0.2 50
1000 Sigmoidal 500 100 0.1 0.05 0.2 50
1000 Indicator 500 100 0.1 0.05 0.2 50
1000 Quadratic 500 100 0.1 0.05 0.2 50
1000 Exponential 50 100 0.2 0.05 0.2 50
1000 Sigmoidal 50 100 0.2 0.05 0.2 50
1000 Indicator 50 100 0.2 0.05 0.2 50
1000 Quadratic 50 100 0.2 0.05 0.2 50
1000 Exponential 500 100 0.2 0.05 0.2 50
1000 Sigmoidal 500 100 0.2 0.05 0.2 50
1000 Indicator 500 100 0.2 0.05 0.2 50
1000 Quadratic 500 100 0.2 0.05 0.2 50
1000 Exponential 50 100 0.01 0.1 0.2 50
1000 Sigmoidal 50 100 0.01 0.1 0.2 50
1000 Indicator 50 100 0.01 0.1 0.2 50
1000 Quadratic 50 100 0.01 0.1 0.2 50
1000 Exponential 500 100 0.01 0.1 0.2 50
1000 Sigmoidal 500 100 0.01 0.1 0.2 50
1000 Indicator 500 100 0.01 0.1 0.2 50
1000 Quadratic 500 100 0.01 0.1 0.2 50
1000 Exponential 50 100 0.05 0.1 0.2 50
1000 Sigmoidal 50 100 0.05 0.1 0.2 50
1000 Indicator 50 100 0.05 0.1 0.2 50
1000 Quadratic 50 100 0.05 0.1 0.2 50
1000 Exponential 500 100 0.05 0.1 0.2 50
1000 Sigmoidal 500 100 0.05 0.1 0.2 50
1000 Indicator 500 100 0.05 0.1 0.2 50
1000 Quadratic 500 100 0.05 0.1 0.2 50
1000 Exponential 50 100 0.1 0.1 0.2 50
1000 Sigmoidal 50 100 0.1 0.1 0.2 50
1000 Indicator 50 100 0.1 0.1 0.2 50
1000 Quadratic 50 100 0.1 0.1 0.2 50
1000 Exponential 500 100 0.1 0.1 0.2 50
1000 Sigmoidal 500 100 0.1 0.1 0.2 50
1000 Indicator 500 100 0.1 0.1 0.2 50
1000 Quadratic 500 100 0.1 0.1 0.2 50
1000 Exponential 50 100 0.2 0.1 0.2 50
1000 Sigmoidal 50 100 0.2 0.1 0.2 50
1000 Indicator 50 100 0.2 0.1 0.2 50
1000 Quadratic 50 100 0.2 0.1 0.2 50
1000 Exponential 500 100 0.2 0.1 0.2 50
1000 Sigmoidal 500 100 0.2 0.1 0.2 50
1000 Indicator 500 100 0.2 0.1 0.2 50
1000 Quadratic 500 100 0.2 0.1 0.2 50
1000 Exponential 50 100 0.01 0.2 0.2 50
1000 Sigmoidal 50 100 0.01 0.2 0.2 50
1000 Indicator 50 100 0.01 0.2 0.2 50
1000 Quadratic 50 100 0.01 0.2 0.2 50
1000 Exponential 500 100 0.01 0.2 0.2 50
1000 Sigmoidal 500 100 0.01 0.2 0.2 50
1000 Indicator 500 100 0.01 0.2 0.2 50
1000 Quadratic 500 100 0.01 0.2 0.2 50
1000 Exponential 50 100 0.05 0.2 0.2 50
1000 Sigmoidal 50 100 0.05 0.2 0.2 50
1000 Indicator 50 100 0.05 0.2 0.2 50
1000 Quadratic 50 100 0.05 0.2 0.2 50
1000 Exponential 500 100 0.05 0.2 0.2 50
1000 Sigmoidal 500 100 0.05 0.2 0.2 50
1000 Indicator 500 100 0.05 0.2 0.2 50
1000 Quadratic 500 100 0.05 0.2 0.2 50
1000 Exponential 50 100 0.1 0.2 0.2 50
1000 Sigmoidal 50 100 0.1 0.2 0.2 50
1000 Indicator 50 100 0.1 0.2 0.2 50
1000 Quadratic 50 100 0.1 0.2 0.2 50
1000 Exponential 500 100 0.1 0.2 0.2 50
1000 Sigmoidal 500 100 0.1 0.2 0.2 50
1000 Indicator 500 100 0.1 0.2 0.2 50
1000 Quadratic 500 100 0.1 0.2 0.2 50
1000 Exponential 50 100 0.2 0.2 0.2 50
1000 Sigmoidal 50 100 0.2 0.2 0.2 50
1000 Indicator 50 100 0.2 0.2 0.2 50
1000 Quadratic 50 100 0.2 0.2 0.2 50
1000 Exponential 500 100 0.2 0.2 0.2 50
1000 Sigmoidal 500 100 0.2 0.2 0.2 50
1000 Indicator 500 100 0.2 0.2 0.2 50
1000 Quadratic 500 100 0.2 0.2 0.2 50
1000 Exponential 50 100 0.01 0.01 0.6 50
1000 Sigmoidal 50 100 0.01 0.01 0.6 50
1000 Indicator 50 100 0.01 0.01 0.6 50
1000 Quadratic 50 100 0.01 0.01 0.6 50
1000 Exponential 500 100 0.01 0.01 0.6 50
1000 Sigmoidal 500 100 0.01 0.01 0.6 50
1000 Indicator 500 100 0.01 0.01 0.6 50
1000 Quadratic 500 100 0.01 0.01 0.6 50
1000 Exponential 50 100 0.05 0.01 0.6 50
1000 Sigmoidal 50 100 0.05 0.01 0.6 50
1000 Indicator 50 100 0.05 0.01 0.6 50
1000 Quadratic 50 100 0.05 0.01 0.6 50
1000 Exponential 500 100 0.05 0.01 0.6 50
1000 Sigmoidal 500 100 0.05 0.01 0.6 50
1000 Indicator 500 100 0.05 0.01 0.6 50
1000 Quadratic 500 100 0.05 0.01 0.6 50
1000 Exponential 50 100 0.1 0.01 0.6 50
1000 Sigmoidal 50 100 0.1 0.01 0.6 50
1000 Indicator 50 100 0.1 0.01 0.6 50
1000 Quadratic 50 100 0.1 0.01 0.6 50
1000 Exponential 500 100 0.1 0.01 0.6 50
1000 Sigmoidal 500 100 0.1 0.01 0.6 50
1000 Indicator 500 100 0.1 0.01 0.6 50
1000 Quadratic 500 100 0.1 0.01 0.6 50
1000 Exponential 50 100 0.2 0.01 0.6 50
1000 Sigmoidal 50 100 0.2 0.01 0.6 50
1000 Indicator 50 100 0.2 0.01 0.6 50
1000 Quadratic 50 100 0.2 0.01 0.6 50
1000 Exponential 500 100 0.2 0.01 0.6 50
1000 Sigmoidal 500 100 0.2 0.01 0.6 50
1000 Indicator 500 100 0.2 0.01 0.6 50
1000 Quadratic 500 100 0.2 0.01 0.6 50
1000 Exponential 50 100 0.01 0.05 0.6 50
1000 Sigmoidal 50 100 0.01 0.05 0.6 50
1000 Indicator 50 100 0.01 0.05 0.6 50
1000 Quadratic 50 100 0.01 0.05 0.6 50
1000 Exponential 500 100 0.01 0.05 0.6 50
1000 Sigmoidal 500 100 0.01 0.05 0.6 50
1000 Indicator 500 100 0.01 0.05 0.6 50
1000 Quadratic 500 100 0.01 0.05 0.6 50
1000 Exponential 50 100 0.05 0.05 0.6 50
1000 Sigmoidal 50 100 0.05 0.05 0.6 50
1000 Indicator 50 100 0.05 0.05 0.6 50
1000 Quadratic 50 100 0.05 0.05 0.6 50
1000 Exponential 500 100 0.05 0.05 0.6 50
1000 Sigmoidal 500 100 0.05 0.05 0.6 50
1000 Indicator 500 100 0.05 0.05 0.6 50
1000 Quadratic 500 100 0.05 0.05 0.6 50
1000 Exponential 50 100 0.1 0.05 0.6 50
1000 Sigmoidal 50 100 0.1 0.05 0.6 50
1000 Indicator 50 100 0.1 0.05 0.6 50
1000 Quadratic 50 100 0.1 0.05 0.6 50
1000 Exponential 500 100 0.1 0.05 0.6 50
1000 Sigmoidal 500 100 0.1 0.05 0.6 50
1000 Indicator 500 100 0.1 0.05 0.6 50
1000 Quadratic 500 100 0.1 0.05 0.6 50
1000 Exponential 50 100 0.2 0.05 0.6 50
1000 Sigmoidal 50 100 0.2 0.05 0.6 50
1000 Indicator 50 100 0.2 0.05 0.6 50
1000 Quadratic 50 100 0.2 0.05 0.6 50
1000 Exponential 500 100 0.2 0.05 0.6 50
1000 Sigmoidal 500 100 0.2 0.05 0.6 50
1000 Indicator 500 100 0.2 0.05 0.6 50
1000 Quadratic 500 100 0.2 0.05 0.6 50
1000 Exponential 50 100 0.01 0.1 0.6 50
1000 Sigmoidal 50 100 0.01 0.1 0.6 50
1000 Indicator 50 100 0.01 0.1 0.6 50
1000 Quadratic 50 100 0.01 0.1 0.6 50
1000 Exponential 500 100 0.01 0.1 0.6 50
1000 Sigmoidal 500 100 0.01 0.1 0.6 50
1000 Indicator 500 100 0.01 0.1 0.6 50
1000 Quadratic 500 100 0.01 0.1 0.6 50
1000 Exponential 50 100 0.05 0.1 0.6 50
1000 Sigmoidal 50 100 0.05 0.1 0.6 50
1000 Indicator 50 100 0.05 0.1 0.6 50
1000 Quadratic 50 100 0.05 0.1 0.6 50
1000 Exponential 500 100 0.05 0.1 0.6 50
1000 Sigmoidal 500 100 0.05 0.1 0.6 50
1000 Indicator 500 100 0.05 0.1 0.6 50
1000 Quadratic 500 100 0.05 0.1 0.6 50
1000 Exponential 50 100 0.1 0.1 0.6 50
1000 Sigmoidal 50 100 0.1 0.1 0.6 50
1000 Indicator 50 100 0.1 0.1 0.6 50
1000 Quadratic 50 100 0.1 0.1 0.6 50
1000 Exponential 500 100 0.1 0.1 0.6 50
1000 Sigmoidal 500 100 0.1 0.1 0.6 50
1000 Indicator 500 100 0.1 0.1 0.6 50
1000 Quadratic 500 100 0.1 0.1 0.6 50
1000 Exponential 50 100 0.2 0.1 0.6 50
1000 Sigmoidal 50 100 0.2 0.1 0.6 50
1000 Indicator 50 100 0.2 0.1 0.6 50
1000 Quadratic 50 100 0.2 0.1 0.6 50
1000 Exponential 500 100 0.2 0.1 0.6 50
1000 Sigmoidal 500 100 0.2 0.1 0.6 50
1000 Indicator 500 100 0.2 0.1 0.6 50
1000 Quadratic 500 100 0.2 0.1 0.6 50
1000 Exponential 50 100 0.01 0.2 0.6 50
1000 Sigmoidal 50 100 0.01 0.2 0.6 50
1000 Indicator 50 100 0.01 0.2 0.6 50
1000 Quadratic 50 100 0.01 0.2 0.6 50
1000 Exponential 500 100 0.01 0.2 0.6 50
1000 Sigmoidal 500 100 0.01 0.2 0.6 50
1000 Indicator 500 100 0.01 0.2 0.6 50
1000 Quadratic 500 100 0.01 0.2 0.6 50
1000 Exponential 50 100 0.05 0.2 0.6 50
1000 Sigmoidal 50 100 0.05 0.2 0.6 50
1000 Indicator 50 100 0.05 0.2 0.6 50
1000 Quadratic 50 100 0.05 0.2 0.6 50
1000 Exponential 500 100 0.05 0.2 0.6 50
1000 Sigmoidal 500 100 0.05 0.2 0.6 50
1000 Indicator 500 100 0.05 0.2 0.6 50
1000 Quadratic 500 100 0.05 0.2 0.6 50
1000 Exponential 50 100 0.1 0.2 0.6 50
1000 Sigmoidal 50 100 0.1 0.2 0.6 50
1000 Indicator 50 100 0.1 0.2 0.6 50
1000 Quadratic 50 100 0.1 0.2 0.6 50
1000 Exponential 500 100 0.1 0.2 0.6 50
1000 Sigmoidal 500 100 0.1 0.2 0.6 50
1000 Indicator 500 100 0.1 0.2 0.6 50
1000 Quadratic 500 100 0.1 0.2 0.6 50
1000 Exponential 50 100 0.2 0.2 0.6 50
1000 Sigmoidal 50 100 0.2 0.2 0.6 50
1000 Indicator 50 100 0.2 0.2 0.6 50
1000 Quadratic 50 100 0.2 0.2 0.6 50
1000 Exponential 500 100 0.2 0.2 0.6 50
1000 Sigmoidal 500 100 0.2 0.2 0.6 50
1000 Indicator 500 100 0.2 0.2 0.6 50
1000 Quadratic 500 100 0.2 0.2 0.6 50
1000 Exponential 50 100 0.01 0.01 1 50
1000 Sigmoidal 50 100 0.01 0.01 1 50
1000 Indicator 50 100 0.01 0.01 1 50
1000 Quadratic 50 100 0.01 0.01 1 50
1000 Exponential 500 100 0.01 0.01 1 50
1000 Sigmoidal 500 100 0.01 0.01 1 50
1000 Indicator 500 100 0.01 0.01 1 50
1000 Quadratic 500 100 0.01 0.01 1 50
1000 Exponential 50 100 0.05 0.01 1 50
1000 Sigmoidal 50 100 0.05 0.01 1 50
1000 Indicator 50 100 0.05 0.01 1 50
1000 Quadratic 50 100 0.05 0.01 1 50
1000 Exponential 500 100 0.05 0.01 1 50
1000 Sigmoidal 500 100 0.05 0.01 1 50
1000 Indicator 500 100 0.05 0.01 1 50
1000 Quadratic 500 100 0.05 0.01 1 50
1000 Exponential 50 100 0.1 0.01 1 50
1000 Sigmoidal 50 100 0.1 0.01 1 50
1000 Indicator 50 100 0.1 0.01 1 50
1000 Quadratic 50 100 0.1 0.01 1 50
1000 Exponential 500 100 0.1 0.01 1 50
1000 Sigmoidal 500 100 0.1 0.01 1 50
1000 Indicator 500 100 0.1 0.01 1 50
1000 Quadratic 500 100 0.1 0.01 1 50
1000 Exponential 50 100 0.2 0.01 1 50
1000 Sigmoidal 50 100 0.2 0.01 1 50
1000 Indicator 50 100 0.2 0.01 1 50
1000 Quadratic 50 100 0.2 0.01 1 50
1000 Exponential 500 100 0.2 0.01 1 50
1000 Sigmoidal 500 100 0.2 0.01 1 50
1000 Indicator 500 100 0.2 0.01 1 50
1000 Quadratic 500 100 0.2 0.01 1 50
1000 Exponential 50 100 0.01 0.05 1 50
1000 Sigmoidal 50 100 0.01 0.05 1 50
1000 Indicator 50 100 0.01 0.05 1 50
1000 Quadratic 50 100 0.01 0.05 1 50
1000 Exponential 500 100 0.01 0.05 1 50
1000 Sigmoidal 500 100 0.01 0.05 1 50
1000 Indicator 500 100 0.01 0.05 1 50
1000 Quadratic 500 100 0.01 0.05 1 50
1000 Exponential 50 100 0.05 0.05 1 50
1000 Sigmoidal 50 100 0.05 0.05 1 50
1000 Indicator 50 100 0.05 0.05 1 50
1000 Quadratic 50 100 0.05 0.05 1 50
1000 Exponential 500 100 0.05 0.05 1 50
1000 Sigmoidal 500 100 0.05 0.05 1 50
1000 Indicator 500 100 0.05 0.05 1 50
1000 Quadratic 500 100 0.05 0.05 1 50
1000 Exponential 50 100 0.1 0.05 1 50
1000 Sigmoidal 50 100 0.1 0.05 1 50
1000 Indicator 50 100 0.1 0.05 1 50
1000 Quadratic 50 100 0.1 0.05 1 50
1000 Exponential 500 100 0.1 0.05 1 50
1000 Sigmoidal 500 100 0.1 0.05 1 50
1000 Indicator 500 100 0.1 0.05 1 50
1000 Quadratic 500 100 0.1 0.05 1 50
1000 Exponential 50 100 0.2 0.05 1 50
1000 Sigmoidal 50 100 0.2 0.05 1 50
1000 Indicator 50 100 0.2 0.05 1 50
1000 Quadratic 50 100 0.2 0.05 1 50
1000 Exponential 500 100 0.2 0.05 1 50
1000 Sigmoidal 500 100 0.2 0.05 1 50
1000 Indicator 500 100 0.2 0.05 1 50
1000 Quadratic 500 100 0.2 0.05 1 50
1000 Exponential 50 100 0.01 0.1 1 50
1000 Sigmoidal 50 100 0.01 0.1 1 50
1000 Indicator 50 100 0.01 0.1 1 50
1000 Quadratic 50 100 0.01 0.1 1 50
1000 Exponential 500 100 0.01 0.1 1 50
1000 Sigmoidal 500 100 0.01 0.1 1 50
1000 Indicator 500 100 0.01 0.1 1 50
1000 Quadratic 500 100 0.01 0.1 1 50
1000 Exponential 50 100 0.05 0.1 1 50
1000 Sigmoidal 50 100 0.05 0.1 1 50
1000 Indicator 50 100 0.05 0.1 1 50
1000 Quadratic 50 100 0.05 0.1 1 50
1000 Exponential 500 100 0.05 0.1 1 50
1000 Sigmoidal 500 100 0.05 0.1 1 50
1000 Indicator 500 100 0.05 0.1 1 50
1000 Quadratic 500 100 0.05 0.1 1 50
1000 Exponential 50 100 0.1 0.1 1 50
1000 Sigmoidal 50 100 0.1 0.1 1 50
1000 Indicator 50 100 0.1 0.1 1 50
1000 Quadratic 50 100 0.1 0.1 1 50
1000 Exponential 500 100 0.1 0.1 1 50
1000 Sigmoidal 500 100 0.1 0.1 1 50
1000 Indicator 500 100 0.1 0.1 1 50
1000 Quadratic 500 100 0.1 0.1 1 50
1000 Exponential 50 100 0.2 0.1 1 50
1000 Sigmoidal 50 100 0.2 0.1 1 50
1000 Indicator 50 100 0.2 0.1 1 50
1000 Quadratic 50 100 0.2 0.1 1 50
1000 Exponential 500 100 0.2 0.1 1 50
1000 Sigmoidal 500 100 0.2 0.1 1 50
1000 Indicator 500 100 0.2 0.1 1 50
1000 Quadratic 500 100 0.2 0.1 1 50
1000 Exponential 50 100 0.01 0.2 1 50
1000 Sigmoidal 50 100 0.01 0.2 1 50
1000 Indicator 50 100 0.01 0.2 1 50
1000 Quadratic 50 100 0.01 0.2 1 50
1000 Exponential 500 100 0.01 0.2 1 50
1000 Sigmoidal 500 100 0.01 0.2 1 50
1000 Indicator 500 100 0.01 0.2 1 50
1000 Quadratic 500 100 0.01 0.2 1 50
1000 Exponential 50 100 0.05 0.2 1 50
1000 Sigmoidal 50 100 0.05 0.2 1 50
1000 Indicator 50 100 0.05 0.2 1 50
1000 Quadratic 50 100 0.05 0.2 1 50
1000 Exponential 500 100 0.05 0.2 1 50
1000 Sigmoidal 500 100 0.05 0.2 1 50
1000 Indicator 500 100 0.05 0.2 1 50
1000 Quadratic 500 100 0.05 0.2 1 50
1000 Exponential 50 100 0.1 0.2 1 50
1000 Sigmoidal 50 100 0.1 0.2 1 50
1000 Indicator 50 100 0.1 0.2 1 50
1000 Quadratic 50 100 0.1 0.2 1 50
1000 Exponential 500 100 0.1 0.2 1 50
1000 Sigmoidal 500 100 0.1 0.2 1 50
1000 Indicator 500 100 0.1 0.2 1 50
1000 Quadratic 500 100 0.1 0.2 1 50
1000 Exponential 50 100 0.2 0.2 1 50
1000 Sigmoidal 50 100 0.2 0.2 1 50
1000 Indicator 50 100 0.2 0.2 1 50
1000 Quadratic 50 100 0.2 0.2 1 50
1000 Exponential 500 100 0.2 0.2 1 50
1000 Sigmoidal 500 100 0.2 0.2 1 50
1000 Indicator 500 100 0.2 0.2 1 50
1000 Quadratic 500 100 0.2 0.2 1 50
